19273
21217
21218
21220
21224
21227
21228
21244
21255
21256
21258
21259
21261
21266
21271
21272
21274
21279
21335
21337
21339
21354
21357
21358
21360
21365
21368
21369
21371
21376
21379
21380
21382
21385
21386
21388
21391
21394
21395
21397
21398
21400
21401
21403
21406
21407
21409
21423
21435
21436
21438
21439
21441
21442
21444
21445
21447
21449
21522
21614
21629
21635
21640
21641
21643
21644
21646
21647
21649
21680
21682
21683
21684
21698
21702
21706
21709
21710
21712
21714
21717
21720
21723
21726
21727
21729
21730
21732
21734
21737
21739
21745
21755
21756
21762
21763
21765
21769
21770
21772
21775
21776
21781
21782
21785
21787
21789
26121
26122
26123
26125
26127
26129
26131
26133
26135
26160
26169
26180
26188
26197
26203
26209
26215
26219
26316
26340
26345
26349
26382
26384
26386
26388
26389
26409
26419
26427
26434
26441
26446
26452
26465
26474
26486
26487
26489
26506
26524
26529
26532
26548
26553
26556
26571
26579
26603
26605
26607
26624
26629
26632
26639
26655
26670
26676
26683
26689
26721
26723
26725
26736
26757
26759
26789
26802
26810
26817
26826
26831
26835
26842
26844
26845
26847
26849
26871
26892
26897
26899
26901
26903
26904
26906
26907
26909
26919
26931
26935
26936
26937
26939
26954
26969
27211
27232
27239
27243
27245
27246
27248
27249
27251
27252
27254
27257
27259
27283
27299
27305
27308
27313
27318
27321
27324
27327
27330
27333
27336
27337
27339
27356
27367
27374
27383
27386
27389
27404
27412
27419
27432
27442
27446
27449
27472
27474
27476
27478
27607
27612
27616
27619
27624
27628
27639
27711
27721
27726
27729
27749
27751
27753
27755
27777
27793
27798
27801
27804
27809
28790
28816
28832
28844
28857
28865
28870
28876
28879
29221
29223
29225
29227
29229
29303
29308
29313
29320
29323
29328
29331
29336
29339
29342
29345
29348
29351
29352
29353
29355
29356
29358
29359
29361
29362
29364
29365
29367
29369
29378
29379
29386
29389
29392
29393
29394
29396
29399
29439
29451
29456
29459
29462
29465
29468
29471
29472
29473
29475
29476
29478
29479
29481
29482
29484
29485
29487
29488
29490
29491
29493
29494
29496
29497
29499
29525
29549
29553
29556
29559
29562
29565
29571
29574
29575
29576
29578
29579
29581
29582
29584
29585
29587
29588
29590
29591
29593
29594
29597
29599
29614
29633
29640
29643
29646
29649
29664
29683
29690
29693
29699
30159
30161
30163
30165
30167
30169
30171
30173
30175
30177
30179
30419
30449
30451
30453
30455
30457
30459
30519
30521
30539
30559
30625
30627
30629
30655
30657
30659
30669
30823
30826
30827
30851
30853
30855
30880
30890
30900
30916
30926
30938
30952
30966
30974
30982
30989
31008
31020
31028
31036
31061
31073
31079
31084
31089
31134
31135
31137
31139
31141
31157
31162
31167
31171
31174
31177
31180
31185
31188
31191
31195
31199
31224
31226
31228
31234
31241
31246
31249
31275
31303
31311
31319
31515
31535
31542
31547
31552
31553
31555
31556
31558
31559
31582
31592
31595
31600
31603
31604
31606
31608
31609
31613
31618
31619
31621
31622
31623
31626
31627
31628
31629
31632
31633
31634
31636
31637
31638
31655
31675
31683
31688
31691
31693
31698
31699
31700
31702
31707
31708
31710
31711
31712
31714
31715
31717
31718
31719
31737
31749
31785
31787
31789
31812
31832
31840
31848
31855
31860
31863
31867
31868
34346
34355
37073
37075
37077
37079
37081
37083
37085
37115
37120
37124
37127
37130
37133
37136
37139
37154
37170
37176
37181
37186
37191
37194
37197
37199
37412
37431
37434
37441
37444
37445
37520
37539
37574
37581
37586
37589
37603
37619
37620
37627
37632
37633
37635
37639
37640
37642
37643
37647
37649
37691
37697
37699
38100
38102
38104
38106
38108
38110
38112
38114
38116
38118
38120
38122
38124
38126
38154
38159
38162
38165
38170
38173
38176
38179
38226
38228
38229
38239
38259
38268
38271
38272
38274
38275
38277
38279
38300
38302
38304
38312
38315
38319
38321
38322
38324
38325
38327
38329
38350
38364
38368
38372
38373
38375
38376
38378
38379
38381
38382
38384
38387
38440
38442
38444
38446
38448
38458
38459
38461
38462
38464
38465
38467
38468
38470
38471
38473
38474
38476
38477
38479
38518
38524
38527
38528
38530
38531
38533
38536
38539
38542
38543
38547
38550
38551
38553
38554
38556
38557
38559
38640
38642
38644
38667
38678
38685
38690
38700
38704
38707
38709
38723
38729
48455
48465
48480
48488
48499
48527
48529
48531
49074
49076
49078
49080
49082
49084
49086
49088
49090
49124
49134
49143
49152
49163
49170
49176
49179
49186
49191
49196
49201
49205
49214
49219
49324
49326
49328
49356
49377
49393
49401
49406
49413
49419
49424
49429
49434
49439
49448
49451
49453
49456
49457
49459
49565
49577
49584
49586
49593
49594
49596
49597
49599
49610
49624
49626
49632
49635
49637
49638
49661
49681
49685
49688
49692
49696
49699
49716
49733
49740
49744
49751
49757
49762
49767
49770
49774
49777
49779
49808
49809
49811
49824
49828
49832
49835
49838
49843
49844
49846
49847
49849
