40210
40211
40212
40213
40215
40217
40219
40221
40223
40225
40227
40229
40231
40233
40235
40237
40239
40468
40470
40472
40472
40474
40476
40477
40479
40489
40545
40547
40549
40589
40591
40593
40595
40597
40599
40625
40627
40629
40667
40668
40670
40699
40721
40721
40723
40724
40764
40789
40822
40878
40880
40882
40883
40885
41061
41063
41065
41066
41068
41069
41169
41179
41189
41199
41236
41238
41239
41334
41352
41363
41366
41372
41379
41460
41462
41464
41466
41468
41469
41470
41472
41515
41516
41517
41539
41540
41541
41542
41564
41569
41747
41748
41749
41751
41812
41836
41844
41849
42103
42105
42107
42109
42111
42113
42115
42117
42119
42275
42277
42279
42281
42283
42285
42287
42289
42327
42329
42349
42369
42389
42399
42477
42489
42499
42549
42551
42553
42555
42579
42651
42653
42655
42657
42659
42697
42699
42719
42781
42799
42853
42855
42857
42859
42897
42899
42929
44135
44137
44139
44141
44143
44145
44147
44149
44225
44227
44229
44263
44265
44267
44269
44287
44289
44309
44319
44328
44329
44339
44357
44359
44369
44379
44388
44532
44534
44536
44575
44577
44579
44581
44623
44625
44627
44628
44629
44649
44651
44652
44653
44787
44789
44791
44793
44795
44797
44799
44801
44803
44805
44807
44809
44866
44867
44869
44879
44892
44894
45127
45128
45130
45131
45133
45134
45136
45138
45139
45141
45143
45144
45145
45147
45149
45219
45239
45257
45259
45276
45277
45279
45289
45307
45309
45326
45327
45329
45355
45356
45357
45359
45468
45470
45472
45473
45475
45476
45478
45479
45481
45525
45527
45529
45549
45657
45659
45661
45663
45665
45699
45701
45711
45721
45731
45739
45768
45770
45772
45879
45881
45883
45884
45886
45888
45889
45891
45892
45894
45896
45897
45899
45964
45966
45968
46045
46047
46049
46117
46119
46145
46147
46149
46236
46238
46240
46242
46244
46282
46284
46286
46325
46342
46348
46354
46359
46395
46397
46399
46414
46419
46446
46459
46483
46485
46487
46499
46509
46514
46519
46535
46537
46539
46562
46569
47051
47053
47055
47057
47058
47059
47119
47137
47138
47139
47166
47167
47169
47178
47179
47198
47199
47226
47228
47229
47239
47249
47259
47269
47279
47441
47443
47445
47447
47475
47495
47506
47509
47533
47546
47551
47559
47574
47589
47608
47623
47624
47625
47626
47627
47638
47647
47652
47661
47665
47669
47798
47799
47800
47802
47803
47804
47805
47807
47809
47829
47839
47877
47906
47918
47929
48143
48145
48147
48149
48151
48153
48155
48157
48159
48161
48163
48165
48167
48231
48249
48268
48282
48291
48301
48308
48317
48324
48329
48336
48341
48346
48351
48356
48361
48366
48369
48429
48431
48432
48477
48485
48493
48496
48565
48599
48607
48612
48619
48624
48629
48653
48683
48691
48703
48712
48720
48727
48734
48739
49477
49479
49492
49497
49504
49509
49525
49536
49545
49549
50126
50127
50129
50169
50170
50171
50181
50189
50226
50259
50321
50354
50374
50389
50667
50668
50670
50672
50674
50676
50677
50678
50679
50733
50735
50737
50739
50765
50767
50769
50823
50825
50827
50829
50858
50859
50931
50933
50935
50937
50939
50968
50969
50996
50997
50999
51061
51063
51065
51067
51069
51103
51105
51107
51109
51143
51145
51147
51149
51371
51373
51375
51377
51379
51381
51399
51427
51429
51465
51467
51467
51469
51491
51503
51515
51519
51545
51570
51580
51588
51597
51643
51645
51647
51674
51688
51702
51709
51766
51789
52062
52064
52066
52068
52070
52072
52074
52076
52078
52080
52134
52146
52152
52156
52159
52222
52223
52224
52249
52349
52351
52353
52355
52372
52379
52382
52385
52388
52391
52393
52396
52399
52428
52441
52445
52457
52459
52477
52499
52511
52525
52525
52531
52538
52538
53111
53113
53115
53117
53119
53121
53123
53125
53127
53129
53173
53175
53177
53179
53225
53227
53229
53332
53340
53343
53347
53359
53604
53639
53721
53757
53773
53783
53797
53804
53809
53819
53840
53842
53844
53859
53879
53881
53894
53902
53909
53913
53919
53925
53937
53940
53945
53947
53949
